100
122223.1
120910.5
121074.5
110784.7
108807.8
124280.8
124303.4
126012.2
127397.2
115340.3
115045.5
123948.9
119498.9
121059.0
123873.8
126700.2
110139.9
111267.5
102819.5
117348.4
101078.3
113967.9
116279.3
108596.2
117725.0
100915.0
101120.4
124678.0
110805.7
103811.8
115667.3
123099.8
106474.6
118686.7
102560.4
101550.5
115940.6
116219.1
119122.9
121782.7
129275.6
115489.0
109688.7
123855.6
108125.0
113169.1
102353.7
100760.5
128879.5
125079.4
120879.2
112268.6
105198.8
104693.1
107507.3
116476.8
121437.9
119805.9
108398.0
128646.0
122136.9
116630.6
118351.6
112588.0
107431.9
110679.2
122735.4
100431.8
103482.2
101380.1
101221.9
125663.8
121109.7
114225.2
102935.0
114748.5
114204.2
105196.1
113015.5
111955.1
118475.5
119052.8
101359.1
111238.4
118775.8
115094.1
125694.7
119760.8
104888.0
102117.1
119272.6
100795.3
117573.3
128206.9
117264.2
111645.1
119298.6
113747.6
116368.5
128243.9
