1000
111583.1
128835.7
127160.5
105873.7
102080.8
103023.3
100546.7
102833.3
120490.2
102135.7
109569.3
125346.3
100698.2
124434.1
108455.6
103544.9
120902.1
118868.3
126324.2
122052.1
124104.4
108461.0
105323.2
122518.4
124205.0
129715.2
112378.5
111160.5
123292.4
110224.1
127922.7
125752.4
112869.8
122526.1
122636.3
103093.7
127076.6
115157.6
124793.7
109601.5
126865.7
111676.1
100325.1
127161.5
102738.6
109579.4
128501.9
128518.2
117203.1
118955.1
113453.4
108796.3
109859.9
120175.6
122571.2
123747.4
123688.5
102736.2
114832.6
101726.8
116485.9
113245.9
126631.1
110527.5
103512.0
104289.8
122845.3
118546.5
103033.7
102523.2
121029.1
102182.9
124655.8
121187.3
102440.5
102545.1
129599.2
111228.1
111119.3
124384.0
128417.5
129580.0
122601.3
111287.8
102505.0
123314.4
116752.1
112726.7
127190.6
103335.9
114778.8
100340.6
114059.8
101689.1
103564.5
103525.8
119476.3
122381.3
117501.1
128865.2
111246.1
108571.4
126058.0
106707.9
128896.7
100364.6
129096.4
101294.8
126734.3
115831.0
129788.9
102213.9
116615.6
129079.1
115692.9
118882.0
120872.5
113636.2
118826.7
117529.4
127034.7
101363.4
108428.9
128512.3
126707.9
113669.7
118604.0
108321.4
105643.6
113911.0
110600.6
117509.7
102332.0
129231.8
129586.3
120944.9
116082.9
109285.8
124413.9
120541.9
104878.5
127327.8
124676.1
128494.0
121771.6
118402.5
112547.3
127981.9
125981.9
101356.6
100791.0
111293.9
124316.6
129618.3
104512.5
117823.9
111426.7
129097.4
125263.6
125149.9
114060.8
112444.6
108202.2
101691.3
125941.7
124387.0
129991.5
129899.1
116663.0
123069.6
128343.0
125489.4
107420.4
113516.3
103874.8
128621.5
118185.2
106859.3
120151.0
118543.8
110744.9
103406.7
120147.2
115609.2
123169.6
115604.9
125565.4
116557.2
116828.1
126299.6
112104.5
104020.5
100863.5
122654.1
118609.3
121122.4
106388.9
104091.1
100436.3
110517.6
117697.5
111767.3
113124.2
127124.8
110447.7
115419.7
123509.6
111896.3
118662.6
125870.9
128485.6
104412.2
127797.6
114763.5
107747.3
113774.1
129401.0
114778.5
109862.5
119002.0
107204.4
102275.9
103866.4
103841.4
104557.1
104164.8
119226.2
105456.4
110370.0
126903.7
114218.8
120026.7
105169.6
105768.7
101226.1
105068.1
108357.7
105310.3
102661.1
103619.1
113823.4
106190.0
110928.1
115102.5
120711.8
101179.4
123982.3
118837.0
102452.8
126207.4
127626.2
101832.3
108306.3
124186.0
122447.8
105535.6
106280.5
111114.2
114535.7
118547.6
111067.4
113876.0
122424.1
101100.5
107573.1
121400.5
126856.2
115350.3
115963.4
103215.2
113422.4
115978.5
107274.1
108077.3
111318.5
100602.1
109662.4
106343.4
109824.9
103592.9
126715.8
117807.8
120373.1
123675.1
114953.3
102607.6
116113.2
117605.2
122363.2
112949.8
103827.4
108513.3
110892.5
119377.5
117123.3
110682.9
129595.5
118173.2
107116.8
103053.5
104585.8
107378.7
104820.4
105597.0
108552.9
105201.2
126903.0
102407.0
115735.3
112311.9
129471.4
103361.2
111935.7
129084.1
125965.2
124512.2
107737.1
105126.6
120059.3
127881.3
116702.9
117148.4
108399.4
123084.8
105611.3
109710.4
112763.1
115228.3
107272.3
103445.1
118318.6
108658.9
117437.1
104630.9
114434.2
115977.7
101554.7
110098.1
104032.4
101901.2
129698.8
109670.6
124296.2
107639.2
120445.1
122806.8
117869.2
114147.3
112355.2
110466.0
127885.9
124918.6
128950.8
103728.9
121926.0
128150.2
105437.0
101994.9
122233.6
117234.2
125254.9
104193.2
123858.0
106048.8
104909.7
104928.0
124437.2
119955.9
115692.0
110764.9
126316.0
111773.4
124498.0
113174.0
111308.3
113880.4
109041.3
122428.3
115081.6
106966.4
126987.2
111516.7
116306.6
127194.2
118727.1
103506.9
128195.0
118831.2
110047.2
104178.2
123820.8
118602.2
116003.8
126816.8
123657.9
104550.2
109351.7
107454.7
122318.4
101006.0
117096.7
122873.8
126303.0
110262.5
124637.7
103319.0
125393.6
103824.7
111918.6
123918.9
104497.5
106877.5
121667.6
121601.1
119234.4
120818.5
116281.7
107554.0
110370.9
105447.9
127253.5
117501.8
112025.5
113860.2
128418.5
104600.5
117586.9
115176.7
118343.6
100543.3
126163.7
127963.5
116954.0
120899.5
127675.0
121217.2
104576.2
117288.7
118201.5
112723.9
122093.3
128031.0
127767.1
113525.2
103397.1
129545.2
125166.9
103739.9
127625.3
126096.9
115565.1
117738.3
111970.1
101642.8
110055.9
124085.6
100139.0
110005.0
111945.1
116121.9
127595.7
110390.4
110408.6
122125.0
113566.5
106738.1
113573.2
104225.7
105291.6
114951.0
112567.8
127445.4
110871.8
117417.7
118967.9
100392.8
119906.1
105341.1
128832.1
104459.9
112438.7
102560.5
129906.2
115065.9
117861.6
102012.3
122498.8
106297.2
126941.6
106154.2
105720.6
101096.5
114162.0
116945.2
101971.3
123265.8
113598.7
115731.7
113222.9
112022.9
116789.2
104657.2
105457.8
125853.6
128383.5
111199.3
108122.3
119320.0
112262.0
100761.6
104684.6
121479.2
119767.7
100812.9
106659.2
106932.2
120156.8
100591.3
103123.3
123997.5
105356.3
119582.4
107145.5
102983.2
107295.2
121668.0
125670.9
124906.6
111915.5
120042.6
106149.5
108794.4
126890.1
100390.1
102565.3
106236.6
100796.0
105443.1
117491.2
112642.7
126780.2
124523.3
110254.5
107782.7
111390.8
117708.8
108041.9
118724.5
112282.3
116561.4
113083.8
108834.0
128453.6
122908.2
104203.4
126054.0
114622.9
126836.6
123995.7
112756.4
100674.1
108060.3
116249.0
119004.3
107736.6
104180.7
125047.9
129532.1
115770.7
105150.4
108169.2
100551.7
127429.0
103532.5
117295.5
108221.7
116625.3
119542.6
124892.3
106192.6
100329.9
104106.6
127000.6
126216.7
117922.4
118015.5
119951.1
105261.1
127432.4
112563.1
111494.2
115567.5
101409.0
104988.5
122141.0
102484.0
118094.6
107360.5
111678.9
108660.8
110670.2
121571.4
108913.7
116992.1
114281.5
119910.1
128104.9
121977.2
106448.2
100935.5
107867.9
117852.3
101542.8
114891.0
117905.3
110027.3
123127.4
103197.9
102254.1
121845.7
114864.7
120652.1
113044.8
107392.1
124573.1
123982.5
120840.9
108164.4
117706.9
110829.2
102747.5
127519.4
104104.6
128507.1
113380.2
105554.0
116257.0
126188.4
121966.7
124196.8
119763.5
120768.3
125475.9
107490.0
114682.7
106636.3
129630.0
128321.8
101182.8
121167.3
127757.4
105417.3
117038.4
127464.6
101018.4
120922.6
108920.5
127731.9
129131.7
128328.0
114226.4
125861.3
125336.5
109573.0
124867.5
101110.2
117888.1
106900.3
103617.0
102308.6
120888.7
110196.2
121743.0
101960.7
109458.7
116184.7
123721.7
109562.6
118776.7
126579.3
118475.9
106988.8
100732.0
126103.0
100638.1
126241.1
115868.1
128172.0
123963.5
129938.0
110521.4
123015.6
112057.9
114396.3
118825.2
126210.3
129522.5
123048.2
112533.0
112640.7
122127.5
107163.3
103314.2
110638.7
108617.2
108889.2
107008.2
101262.8
100536.2
129631.7
112833.2
111529.8
120389.4
106547.6
128498.8
123590.4
102682.3
112527.4
126373.5
128342.0
114022.0
118402.3
105011.0
129735.1
106950.2
128282.0
119489.4
118232.1
115380.7
106920.1
105295.8
106614.6
105593.1
123387.5
110503.8
101735.3
129073.1
126513.6
127832.6
129847.2
105216.9
111887.3
122747.2
120880.6
104616.9
124475.0
106733.2
106714.5
116109.2
117788.2
117402.6
102744.6
126323.8
107968.0
103885.4
126662.4
128669.5
125863.8
124285.5
119657.3
116525.7
102609.6
112253.6
111180.7
107792.6
121702.6
114876.3
102431.4
106605.5
120497.8
102283.9
125536.2
114854.4
114417.6
117772.2
124740.4
110434.3
120340.5
116972.0
108010.8
126358.9
123922.8
119753.6
125517.5
126018.8
121250.9
125110.4
120924.1
120404.2
118558.3
122581.5
104758.2
126426.1
126155.3
100877.4
124774.5
103866.1
110053.6
122305.2
104822.8
124539.0
124964.0
115224.0
100191.6
108611.1
118507.8
129435.6
118954.4
107794.1
119020.2
116199.6
123395.4
103209.4
122830.8
116238.0
128889.8
110256.2
118978.7
127960.8
103075.3
128116.9
120636.6
102035.1
109028.9
121245.2
102020.5
117465.1
110376.5
118627.5
101372.3
126146.1
129204.7
129066.3
122489.6
103902.6
122747.9
100737.6
100663.7
109708.3
114659.3
123112.2
120498.9
113377.1
108208.8
129913.7
112785.4
113541.6
104908.7
123844.3
120810.5
106623.1
102471.4
120415.0
119635.3
108197.8
128525.9
104531.7
112970.0
128308.5
112591.8
119155.8
111927.8
108226.5
129519.3
112280.0
126823.0
106898.6
106393.1
100934.0
119550.0
111055.8
125930.7
114196.3
129045.8
105565.8
126058.7
123297.9
123127.7
125343.5
122830.7
118786.6
103937.3
100975.8
127625.4
118499.5
123896.1
114445.7
103519.2
103755.6
120567.0
112909.2
106015.7
114747.8
101926.3
117459.1
108069.8
123926.8
109310.9
113656.6
100348.6
102173.4
111774.8
114398.2
118000.6
108749.9
120849.5
125803.7
123395.5
101188.6
114415.2
103147.9
107261.4
129599.9
104274.9
114966.6
118544.7
121073.9
116789.5
100293.1
109793.8
115531.3
102636.0
110518.8
100996.1
102357.4
111907.7
103981.5
117026.2
120683.9
124017.6
106004.5
105024.5
103137.0
119092.9
121194.3
100947.6
128086.4
101559.1
116238.9
121271.8
126129.1
121422.6
124051.8
110183.5
124444.8
102403.4
126844.5
116427.8
124518.9
113569.5
119307.3
115792.1
121947.7
102448.9
101810.6
107413.1
104786.3
126153.5
106576.4
129276.0
110106.9
105463.5
123691.0
119761.2
114945.9
116660.9
121576.1
106853.6
129890.0
129243.8
119509.8
105986.3
120406.8
102166.0
100919.6
107730.5
113878.7
126048.2
121815.1
122281.2
112764.8
110378.0
111131.2
129629.5
101203.3
126010.9
117360.3
113158.5
121757.7
114600.1
126202.7
127021.1
112651.6
108304.8
117770.5
127370.9
106319.9
118689.0
118946.8
121993.4
