3000
1001335.1
1005156.5
1007287.8
1008862.0
1010708.9
1011625.5
1012508.4
1013832.6
1014966.9
1015941.2
1016654.4
1017093.2
1017857.6
1017919.3
1018319.2
1019479.1
1019998.0
1020418.5
1020434.3
1019997.9
1020811.7
1020928.3
1020443.1
1021312.2
1021267.2
1020558.5
1020954.1
1021109.5
1020197.8
1020110.0
1020604.4
1020188.9
1020323.7
1019837.7
1019677.2
1019575.7
1018390.1
1018889.1
1018652.7
1018271.4
1018052.1
1016990.1
1017073.5
1017052.7
1016923.4
1016542.0
1016623.5
1015989.9
1015582.5
1015351.5
1015391.7
1015525.8
1015648.3
1015727.4
1015448.2
1015297.3
1015368.7
1015411.3
1016237.5
1015719.8
1016019.5
1016730.8
1016859.5
1016758.5
1017302.5
1018151.3
1018168.0
1018272.3
1019057.1
1019338.1
1020174.9
1020236.4
1020478.6
1021898.7
1021960.0
1022728.0
1022752.5
1023497.6
1023802.1
1024631.5
1024959.2
1024977.2
1025139.6
1025800.1
1025806.2
1026857.9
1026581.3
1027035.5
1027560.0
1027228.9
1027641.0
1028346.5
1027941.4
1028130.7
1028335.6
1028032.8
1028266.0
1028026.9
1027934.3
1027789.4
1028220.2
1028087.8
1027426.3
1027485.8
1027147.0
1026333.5
1025918.8
1026418.6
1025679.3
1024944.8
1024582.1
1024481.8
1024331.2
1023485.9
1023207.8
1023328.7
1022555.2
1021936.1
1022166.2
1021923.8
1021020.3
1021332.0
1020899.2
1020668.9
1020064.9
1020024.4
1019829.6
1020032.3
1019455.0
1019553.7
1019713.9
1020057.2
1019764.8
1019592.0
1019943.4
1020544.5
1020486.5
1020704.3
1021008.0
1021015.4
1021806.2
1021458.4
1022164.4
1022507.0
1023285.0
1023693.1
1024293.2
1024141.8
1024818.7
1025040.9
1026149.4
1025757.5
1026464.4
1027041.4
1027361.0
1027783.1
1028382.4
1028169.8
1028541.4
1028944.4
1029240.6
1030221.3
1029841.9
1030685.6
1030637.6
1031141.4
1030710.7
1031108.2
1031143.3
1031211.8
1030945.1
1030818.1
1031461.5
1031150.8
1030687.6
1030391.0
1030847.9
1030652.7
1030266.8
1029488.0
1029574.4
1029453.9
1029056.5
1027944.8
1028170.1
1027270.3
1027556.3
1027006.7
1026574.5
1026318.4
1025344.4
1024960.7
1025414.8
1024848.4
1024734.2
1023946.2
1023693.1
1023741.0
1022804.0
1022606.4
1022296.8
1022401.6
1022380.7
1022402.8
1022422.5
1022025.6
1022163.9
1022375.6
1021919.2
1021963.5
1022470.9
1022880.1
1023257.9
1023334.8
1023234.4
1023974.3
1024089.8
1024461.0
1024836.6
1025329.7
1025605.7
1025877.5
1025732.5
1026489.0
1026930.2
1027527.2
1027985.8
1028080.3
1028893.0
1028777.8
1029478.0
1030054.0
1030648.5
1030954.2
1030775.2
1031111.8
1032137.6
1031875.9
1032484.8
1032014.7
1033002.2
1033023.2
1032720.2
1032506.8
1032936.7
1032659.5
1033002.0
1032903.6
1033176.0
1032668.8
1032629.1
1032599.0
1032028.6
1031980.4
1031436.9
1031144.3
1030636.8
1030270.0
1030483.2
1029941.6
1029076.7
1028802.9
1028926.5
1028730.9
1027840.5
1027346.7
1027145.6
1026726.5
1025936.1
1026327.0
1025573.1
1025138.2
1024638.5
1024565.2
1024156.0
1024458.2
1023883.0
1024068.5
1024280.2
1024033.4
1024184.1
1023985.5
1023538.6
1024246.7
1023726.6
1023713.6
1024028.5
1023973.1
1024018.2
1025207.1
1025178.3
1024908.0
1025355.4
1026181.9
1026489.3
1026630.7
1027224.6
1027258.2
1028004.7
1028325.0
1029111.2
1029374.2
1029685.1
1029701.5
1030324.3
1030719.9
1030847.0
1031362.7
1032211.0
1032335.8
1032862.1
1032712.3
1033228.3
1033803.1
1033786.9
1033870.5
1034516.0
1034397.6
1033972.8
1034684.1
1034774.1
1034805.8
1034617.4
1033916.9
1033917.9
1034209.2
1033835.5
1033468.8
1033370.2
1032708.9
1032483.5
1032521.7
1031623.2
1031946.6
1031558.1
1031263.8
1030341.8
1030356.6
1029392.1
1029555.6
1029234.2
1028679.7
1028187.3
1027759.2
1027173.2
1027302.5
1026701.8
1026767.5
1026274.6
1026106.3
1025182.5
1025251.5
1025273.6
1024816.1
1024554.2
1024674.0
1024997.7
1024901.8
1024582.5
1024559.8
1025080.5
1025574.5
1024922.0
1026020.6
1025920.0
1025726.6
1026347.1
1026227.6
1026487.5
1027235.2
1028027.3
1027891.6
1028659.9
1028856.4
1029632.3
1029984.6
1030628.1
1030725.8
1031065.2
1030985.7
1032331.4
1032282.9
1032789.9
1033002.3
1033688.0
1034065.1
1033628.5
1034767.4
1034870.4
1034289.2
1035434.4
1034813.6
1035302.2
1035134.5
1034889.6
1035765.0
1035600.3
1035581.7
1035196.0
1035299.7
1035371.8
1034384.5
1034564.3
1034857.4
1034371.5
1033473.9
1033970.9
1033283.4
1032855.1
1032648.9
1031745.4
1031732.9
1031730.8
1030714.4
1030701.3
1030236.9
1029507.5
1029161.7
1029304.4
1028240.1
1028428.3
1028074.0
1027156.8
1026966.1
1026713.4
1026861.2
1026201.0
1026507.4
1026206.8
1026003.7
1025502.0
1025602.5
1025919.3
1025995.8
1026097.6
1025866.4
1026330.0
1026438.7
1026891.8
1026359.1
1027071.6
1027538.2
1027286.9
1027972.1
1027728.2
1028758.8
1028849.1
1028917.1
1029765.6
1029996.4
1030368.2
1031279.5
1030922.0
1031498.5
1032616.2
1032768.0
1033221.7
1033170.8
1033601.0
1034213.2
1034525.1
1034436.6
1035151.2
1035810.2
1035607.3
1035899.4
1036391.8
1036284.4
1036364.8
1036154.2
1036501.0
1036077.2
1035989.5
1036208.6
1036207.8
1036215.8
1035731.5
1035750.2
1035812.2
1035578.5
1034927.1
1034711.4
1033975.2
1033898.4
1033887.1
1033234.7
1033048.6
1032615.9
1031577.9
1031348.7
1030824.8
1030364.2
1029875.4
1029827.5
1029224.5
1028966.4
1029258.8
1028809.6
1028318.8
1027896.5
1027498.9
1027209.0
1027353.6
1027387.1
1026932.5
1026343.7
1027192.8
1026998.8
1026694.4
1026514.0
1026887.2
1027272.5
1026615.0
1026904.2
1027773.2
1027384.6
1028217.8
1028312.2
1028788.7
1028551.0
1029556.7
1029380.2
1029762.0
1030719.8
1030218.6
1030971.4
1031629.1
1032341.4
1032247.5
1033138.4
1032704.1
1034019.4
1034167.6
1034153.2
1034807.9
1035339.0
1035216.6
1035687.2
1036100.7
1035814.5
1036703.1
1036360.0
1036314.4
1037358.3
1037076.8
1037030.7
1036559.2
1037200.0
1036812.3
1037316.3
1036514.6
1036172.6
1036380.3
1036192.2
1036208.1
1035865.2
1035151.4
1035061.4
1034412.2
1034160.0
1033616.0
1033854.6
1033107.7
1032533.9
1032244.0
1032022.4
1031982.3
1031617.1
1030511.8
1030847.9
1029620.1
1029614.1
1029321.8
1029425.0
1028757.0
1027970.0
1028477.6
1027821.0
1027460.7
1027316.8
1027432.3
1027101.6
1027473.7
1027631.3
1027600.6
1027241.7
1027686.5
1027987.8
1027868.5
1028245.2
1027763.1
1028215.0
1029005.6
1028812.6
1029188.4
1029994.8
1030079.8
1030260.4
1030732.3
1031107.3
1031263.9
1031833.7
1032133.3
1032640.7
1033057.3
1034024.8
1033875.4
1034135.7
1034622.1
1035603.7
1036065.4
1035526.1
1036514.0
1036823.9
1036681.9
1037310.1
1037554.6
1037288.3
1037953.1
1037367.0
1037806.4
1037762.7
1037459.7
1037493.0
1037626.1
1037657.4
1036991.0
1036964.0
1036602.9
1036409.3
1035949.0
1036274.0
1035922.2
1035157.8
1035191.3
1034726.6
1033955.5
1033532.2
1033377.9
1033032.9
1032679.0
1032279.8
1032057.8
1031826.6
1031005.3
1030429.2
1030203.5
1029826.9
1029494.6
1029142.5
1029061.8
1028809.7
1028653.3
1028247.9
1028056.4
1028055.4
1027989.0
1028418.4
1027638.7
1028178.5
1027932.2
1028482.7
1027728.7
1028765.3
1028393.6
1028816.5
1028572.0
1029107.9
1029361.4
1029941.0
1029866.3
1030412.7
1030457.4
1031078.9
1031709.4
1032494.0
1032553.8
1032391.3
1033523.3
1034057.3
1034028.0
1034264.9
1035226.5
1035152.4
1035829.3
1036495.6
1036142.2
1036211.5
1037015.2
1037356.1
1037057.8
1037917.6
1037804.3
1037695.9
1037834.0
1037921.6
1038483.2
1038131.9
1038115.5
1038234.2
1038503.4
1038287.3
1038188.0
1037163.2
1037285.0
1037164.8
1036910.6
1036300.9
1035755.6
1035953.5
1035005.2
1035470.8
1034450.5
1034147.0
1034128.5
1033014.6
1033411.9
1032300.5
1031816.0
1032012.6
1031295.1
1031200.4
1030935.9
1030721.7
1029657.9
1030200.0
1029577.5
1028893.6
1029052.8
1028678.2
1029209.4
1028700.4
1028131.6
1028446.1
1028067.4
1028774.9
1028863.9
1028389.9
1028442.2
1028785.6
1028838.2
1029835.0
1029254.9
1029995.5
1029739.5
1030638.2
1030887.1
1030987.7
1031091.0
1031979.7
1032713.7
1032550.4
1032911.4
1033705.3
1033745.8
1034024.3
1034905.7
1035587.0
1035911.2
1036536.5
1036105.2
1036785.7
1037278.8
1037018.0
1037417.8
1037436.3
1038522.0
1037912.4
1038649.8
1038251.5
1038777.9
1038482.2
1038623.0
1038769.6
1038941.0
1038844.0
1038321.7
1038741.5
1038061.6
1037558.8
1037267.0
1037914.4
1036731.8
1036314.4
1036519.4
1036048.2
1035922.4
1035610.3
1034778.3
1034580.8
1033771.5
1033685.1
1033560.5
1033074.6
1032984.7
1031674.0
1031625.3
1031076.9
1031377.2
1030343.9
1030478.0
1029880.4
1029671.7
1029781.1
1029886.7
1029189.3
1028974.0
1028823.3
1028955.3
1029093.4
1029307.0
1028589.0
1029491.1
1029241.9
1029421.4
1030005.6
1029418.9
1030468.3
1030175.1
1030356.3
1030778.6
1031290.4
1031823.6
1031919.1
1032575.7
1033015.7
1032949.8
1033238.4
1034323.2
1034670.2
1035118.0
1035700.9
1035617.3
1035616.2
1036749.4
1036381.1
1036695.2
1037157.1
1037498.8
1037981.0
1038166.8
1038197.2
1038448.8
1039107.8
1039354.1
1039489.4
1039468.6
1039138.6
1039605.3
1038945.5
1039151.3
1038605.2
1038901.5
1039067.7
1038288.8
1037932.2
1037738.0
1038014.7
1037732.0
1036833.6
1036856.2
1036388.6
1036236.7
1035678.5
1035375.7
1034774.6
1034347.6
1033480.8
1033323.2
1033375.9
1033047.8
1032496.7
1031743.9
1031650.4
1031734.3
1031051.2
1030409.3
1030838.9
1030417.9
1030313.5
1029491.1
1030101.2
1029301.1
1029887.8
1029035.2
1029874.1
1029255.0
1029916.7
1029733.4
1029338.9
1030148.4
1030097.3
1030169.9
1030092.8
1030465.2
1031399.1
1031183.3
1032299.0
1031791.9
1032693.4
1033295.3
1033227.4
1033522.8
1034469.9
1034327.2
1034910.6
1035183.2
1035987.7
1035981.2
1036881.2
1036688.7
1037222.4
1038230.3
1037599.7
1038373.8
1038206.0
1038496.8
1039228.1
1038830.1
1039327.0
1039047.5
1039942.2
1039425.1
1039448.7
1039373.8
1039255.1
1039372.0
1039388.1
1039564.6
1038616.4
1039237.6
1038126.2
1038262.0
1037845.1
1038031.1
1036889.4
1036466.8
1036319.4
1036364.8
1035328.1
1034943.2
1035183.0
1034188.2
1034462.9
1033415.2
1033429.3
1033354.7
1032558.5
1032648.4
1031535.8
1031030.2
1031404.7
1031364.2
1030762.8
1030778.2
1030057.3
1030410.0
1029620.1
1029633.8
1029471.2
1030141.9
1029992.7
1030359.0
1030060.9
1030460.3
1030723.2
1030761.7
1030865.7
1030981.6
1030947.7
1031225.0
1032073.2
1032558.4
1032000.4
1032359.9
1033188.7
1033874.6
1034389.0
1034808.4
1034375.9
1035467.2
1035864.4
1036039.8
1036567.8
1036989.2
1037140.8
1037222.0
1037606.4
1038817.6
1039074.2
1039243.2
1039152.5
1038914.9
1039844.8
1039887.2
1039435.0
1040069.4
1039576.6
1040035.9
1040460.0
1040022.8
1039979.9
1039630.1
1040037.0
1039398.4
1039276.3
1039481.9
1038344.4
1038821.9
1037910.6
1037751.4
1037021.6
1036617.8
1037028.9
1036336.7
1035648.2
1035839.0
1035086.5
1034596.7
1034566.1
1033907.4
1033139.3
1032915.5
1032313.8
1032038.0
1032372.1
1032211.0
1031083.2
1030734.6
1031011.6
1031157.9
1030661.3
1030328.7
1030373.3
1030575.0
1030642.7
1030199.6
1030391.1
1030400.6
1029980.8
1030464.0
1030775.8
1031300.7
1031531.0
1031650.9
1031531.0
1032368.7
1031839.6
1032334.2
1032547.3
1033660.6
1033376.9
1034013.9
1034423.8
1035100.5
1034995.6
1035891.8
1035913.0
1036603.7
1036901.0
1037866.0
1037752.0
1037864.9
1038844.2
1038871.7
1038960.7
1039334.0
1039682.4
1040278.7
1040412.0
1040277.2
1040633.8
1039896.1
1040388.7
1040537.7
1040316.8
1040476.2
1040528.1
1040055.4
1039431.0
1039738.5
1039660.6
1039270.2
1038676.8
1039081.5
1038488.3
1038062.6
1037497.4
1036921.7
1036489.0
1036828.3
1035793.6
1035129.5
1034919.8
1034710.3
1034659.2
1033758.7
1033660.2
1033515.4
1032925.0
1032797.7
1031967.3
1032245.8
1031788.2
1031192.2
1030902.0
1030991.8
1031277.6
1030906.2
1030218.8
1030181.7
1030395.7
1030681.3
1030355.1
1030651.9
1030775.9
1030808.5
1031220.8
1031182.5
1031756.0
1031738.4
1031900.1
1032152.7
1032604.7
1033580.1
1033534.4
1033583.2
1033963.6
1034608.4
1035707.9
1035960.7
1036029.6
1036520.3
1037094.9
1037136.1
1037427.0
1037998.8
1038497.5
1038387.7
1038824.9
1039622.3
1039227.2
1039647.9
1040405.7
1040737.4
1040273.0
1041017.5
1040782.2
1040966.3
1040656.8
1040950.5
1040277.7
1040870.8
1040942.5
1040701.4
1040229.3
1039721.0
1039766.9
1039525.2
1038782.8
1038337.8
1038520.9
1038540.6
1037553.2
1037522.3
1036774.3
1036375.7
1036513.4
1035427.5
1035649.1
1034529.7
1034884.2
1033823.2
1033683.9
1033631.8
1032959.7
1032890.4
1031997.8
1032461.6
1031919.1
1031456.7
1031095.9
1030735.8
1030783.9
1031413.4
1030633.0
1030911.1
1031197.3
1030633.8
1031281.3
1031341.4
1031608.0
1031672.7
1031239.8
1031978.9
1032506.6
1032892.6
1032501.4
1033457.6
1033365.8
1033803.7
1034289.3
1034114.8
1034525.2
1034927.6
1036047.2
1036412.5
1036169.5
1036806.8
1037829.5
1038170.2
1038365.3
1038258.9
1038643.9
1039337.6
1039651.1
1040024.3
1039986.0
1040211.0
1040800.8
1041118.4
1041030.8
1041084.8
1040731.3
1041081.0
1041477.9
1041353.0
1041073.7
1040526.4
1040322.8
1040788.0
1040556.1
1040113.2
1040190.1
1039645.5
1039442.1
1038839.3
1038904.0
1038511.7
1038045.0
1037411.6
1036570.2
1036514.5
1035831.5
1035510.6
1035162.8
1035301.1
1034056.0
1033889.6
1033946.6
1033715.0
1033155.5
1032732.6
1032806.8
1031856.2
1031726.0
1031312.9
1031986.6
1031696.5
1030920.2
1030879.3
1031241.4
1030870.3
1031000.9
1030931.7
1031662.1
1031757.6
1031384.1
1031608.9
1032303.7
1032514.1
1032640.5
1032729.7
1033239.7
1033696.4
1034180.1
1034624.3
1034363.0
1035446.2
1035742.4
1035830.1
1036384.0
1036504.4
1036907.5
1037464.6
1037631.6
1038161.7
1039171.8
1039136.3
1039410.1
1039699.9
1040228.2
1040504.1
1040442.3
1040298.3
1041043.3
1040984.6
1041405.2
1041642.1
1041076.5
1041169.9
1041559.7
1041367.5
1040984.9
1041117.8
1041215.0
1041061.6
1040647.8
1040130.4
1039972.8
1039952.5
1039768.5
1039260.3
1039062.8
1037849.2
1037808.1
1037626.1
1037099.4
1036928.4
1035926.5
1035580.9
1035886.3
1034931.5
1034336.2
1034434.8
1033644.2
1033045.2
1032978.9
1032763.2
1032868.0
1032405.9
1032583.9
1031612.6
1032051.5
1031769.0
1031774.9
1031210.3
1031129.1
1031483.4
1031470.6
1031509.2
1031751.1
1031410.0
1031826.5
1032653.7
1032653.7
1033065.6
1033520.8
1033535.9
1034009.7
1034329.5
1034088.8
1035301.4
1035638.6
1035896.6
1036293.9
1036271.5
1036964.5
1037526.6
1038039.0
1037897.3
1038698.4
1038950.5
1039038.7
1039285.0
1040191.9
1040276.0
1040568.7
1040521.8
1041126.7
1041502.0
1041481.0
1041098.5
1041262.8
1041917.9
1041380.6
1041724.1
1041131.5
1041398.0
1040974.1
1040834.5
1040820.0
1041036.3
1040903.3
1040184.1
1040372.3
1039865.6
1039096.8
1039240.8
1038611.8
1038194.0
1037446.6
1037538.5
1037492.6
1036888.6
1036399.9
1035720.4
1035347.2
1035374.9
1034666.9
1034627.8
1034205.9
1033846.8
1033002.3
1033097.5
1032709.0
1032644.7
1032044.5
1031912.3
1031957.3
1031793.3
1031395.5
1031400.0
1032131.6
1031339.8
1032280.3
1031952.3
1032090.5
1031977.3
1032100.3
1032341.9
1032972.0
1033295.6
1033167.2
1033934.3
1034506.6
1034421.7
1034638.1
1035631.2
1036114.4
1035796.1
1036252.1
1037038.2
1037475.0
1037663.1
1038757.9
1038964.5
1039415.8
1039544.2
1040154.4
1040275.6
1040028.7
1040758.3
1040738.0
1041638.8
1041462.3
1041586.8
1041789.0
1041354.3
1041672.2
1041397.5
1042078.3
1041388.2
1042166.4
1041562.0
1041315.9
1041205.1
1041686.5
1040467.0
1041066.1
1040793.1
1040590.1
1039568.7
1039839.9
1039161.0
1038262.8
1037900.7
1037983.8
1037951.7
1036727.7
1036363.5
1036055.7
1036289.2
1035722.5
1034699.8
1034303.6
1034633.4
1034214.7
1033737.5
1033851.9
1033297.7
1033129.1
1032674.0
1032266.8
1031971.9
1032028.7
1032237.6
1031880.4
1032153.4
1031868.0
1031841.4
1032345.1
1031810.5
1032719.4
1032882.4
1032498.4
1033386.3
1033381.3
1033336.1
1033933.0
1034825.5
1034589.2
1034780.7
1035001.4
1036083.3
1036161.7
1036375.5
1037107.8
1037346.9
1037543.1
1038497.3
1038491.2
1038765.8
1039522.1
1039565.4
1039884.2
1040316.4
1040526.4
1040615.1
1040971.3
1041376.6
1041399.4
1042250.7
1042055.6
1042207.1
1042350.6
1041940.5
1041700.9
1042017.9
1042233.1
1041815.5
1041701.0
1041416.2
1040816.0
1041461.3
1040735.5
1040531.2
1039934.8
1040099.4
1039056.9
1039323.5
1038584.1
1038586.4
1038060.7
1037115.4
1037450.9
1036881.4
1036533.6
1036346.5
1035099.9
1034908.9
1034439.8
1034464.1
1034197.3
1033774.7
1033254.9
1033227.8
1032642.0
1033252.5
1032554.2
1032843.8
1032867.3
1032378.7
1032152.9
1031884.8
1032660.0
1032370.7
1032177.3
1032634.5
1032465.7
1032919.8
1033093.9
1033722.9
1034273.4
1033660.1
1034646.5
1034369.4
1035538.1
1035631.2
1036113.5
1036638.5
1036983.8
1036872.9
1037248.3
1038060.1
1038508.3
1039311.6
1039604.8
1039380.8
1040480.0
1040140.1
1041007.4
1041094.2
1040811.8
1041253.8
1041310.2
1042303.0
1042563.6
1042336.1
1042738.5
1042806.1
1041961.5
1042250.6
1042256.1
1042436.2
1042560.1
1042036.4
1041852.5
1041452.6
1041835.8
1041062.2
1041277.6
1041004.8
1040253.0
1039637.6
1039310.4
1039552.7
1038637.3
1038401.9
1037719.1
1037309.5
1036916.1
1036939.4
1036748.9
1035370.3
1035465.3
1035212.7
1034986.7
1034780.2
1033854.9
1033773.4
1033986.8
1033211.0
1032604.2
1032607.3
1032977.0
1032355.5
1033050.9
1032934.1
1032741.5
1032525.5
1032222.4
1032662.3
1033023.4
1032851.3
1033440.4
1033149.5
1033779.7
1033436.5
1034083.4
1034103.4
1034428.6
1035647.5
1035845.7
1036409.8
1036154.6
1036734.5
1037048.1
1038105.6
1038511.4
1038928.4
1038588.8
1039400.6
1040191.3
1039786.8
1040329.8
1041135.0
1040927.2
1040927.8
1041303.5
1041579.1
1041606.5
1042621.6
1042161.7
1042102.8
1042323.6
1043049.9
1042921.0
1042951.0
1042382.9
1042573.5
1042018.4
1041655.5
1041721.7
1041782.0
1041309.0
1041080.9
1040833.8
1040789.2
1040106.9
1040149.8
1039468.5
1038880.3
1038350.6
1038719.1
1038267.6
1037043.5
1037281.9
1036675.7
1036339.9
1036248.4
1035465.3
1035435.9
1034276.4
1034243.1
1034014.7
1034214.1
1033532.3
1033247.5
1033243.4
1032614.3
1032954.2
1033158.1
1032352.5
1032833.2
1032738.1
1032862.0
1033349.5
1033476.0
1032734.8
1033545.6
1033612.2
1033360.2
1034168.0
1034789.8
1034219.3
1034993.6
1035573.2
1036133.3
1036306.1
1036752.5
1037047.1
1036813.5
1037938.1
1037997.4
1038748.3
1039208.1
1039827.9
1040184.2
1039973.3
1040427.3
1041339.4
1041535.5
1041878.5
1041476.1
1041811.4
1041812.5
1042181.3
1042186.6
1042393.7
1042787.8
1042368.4
1042868.6
1043169.0
1043067.4
1042673.6
1042212.2
1042583.4
1042151.9
1041631.8
1041438.0
1041389.9
1041207.1
1040764.0
1040842.8
1040657.5
1039897.4
1039229.6
1038743.4
1038390.2
1038675.0
1037686.5
1037914.0
1036782.0
1036654.4
1035889.2
1035826.1
1035012.2
1034778.3
1034692.0
1034461.8
1034359.7
1033781.4
1033505.8
1033596.1
1033221.2
1032782.6
1033477.3
1032869.8
1032979.8
1033408.2
1032738.1
1032959.7
1033330.9
1032999.4
1033202.6
1033717.4
1033826.4
1033906.6
1034456.9
1034554.0
1034605.0
1034977.7
1035707.4
1036437.7
1036285.9
1036798.9
1037351.5
1037939.8
1038256.7
1038754.7
1039196.4
1039471.5
1039946.2
1040355.3
1040903.7
1041309.2
1041345.4
1041762.9
1042077.5
1041868.6
1041969.1
1042048.6
1042322.7
1042624.6
1042572.0
1042936.6
1042886.4
1042557.1
1043020.2
1042883.5
1042832.9
1042657.2
1042596.3
1042710.2
1041912.1
1042208.7
1041420.3
1041210.6
1040625.5
1040976.0
1040288.1
1039730.1
1039856.8
1038628.9
1038385.0
1037976.9
1037586.7
1036952.8
1036620.2
1036723.0
1036383.6
1035446.3
1035431.8
1034943.5
1035298.4
1034663.5
1033743.2
1033697.9
1033959.9
1033630.6
1033901.8
1033314.9
1033691.9
1033540.9
1033163.7
1033221.7
1033161.7
1033631.5
1033373.1
1033582.4
1033516.7
1033770.3
1034145.3
1034665.2
1035097.8
1035260.2
1035465.9
1035517.2
1036474.1
1036851.1
1036848.0
1037471.4
1038011.0
1038356.8
1038384.4
1039340.9
1039261.3
1039810.0
1040165.4
1040829.0
1041481.3
1040964.9
1041673.0
1042298.1
1041825.5
1042071.3
1042651.9
1043037.5
1042771.4
1042915.2
1042954.8
1043389.4
1043029.0
1043191.5
1042902.9
1042647.6
1042915.0
1043280.5
1042626.9
1041950.2
1041951.2
1042082.1
1041502.5
1040957.8
1040575.0
1040827.2
1040043.4
1039733.1
1039317.0
1039327.2
1038193.6
1038059.9
1037470.3
1036889.3
1036645.0
1036526.9
1036579.5
1035579.0
1035367.8
1035185.2
1034623.9
1034068.5
1034589.6
1034416.6
1033707.3
1034131.3
1033791.2
1033746.0
1033554.8
1033510.2
1033507.1
1033270.4
1033714.2
1033390.6
1034175.7
1033593.8
1034452.1
1034462.4
1035020.8
1034528.4
1035165.8
1035357.9
1036182.1
1035981.6
1036743.5
1037442.0
1037274.6
1037644.9
1038149.7
1038503.7
1039380.8
1039246.1
1040244.0
1040571.5
1040697.6
1040684.1
1041173.7
1041626.3
1041569.6
1042655.7
1042741.3
1042701.4
1042732.6
1043193.2
1043021.7
1043778.5
1043853.1
1042965.8
1043407.0
1043082.6
1043489.3
1042964.9
1042708.9
1043368.4
1042554.5
1042662.8
1042167.5
1041635.4
1041992.5
1041536.7
1041053.0
1041029.9
1040338.9
1039375.2
1039769.1
1038846.9
1038913.7
1037937.0
1038068.4
1037380.8
1036894.8
1036080.1
1036081.8
1035934.9
1035329.8
1035155.7
1034869.0
1034192.4
1034541.7
1034432.7
1034318.3
1034250.3
1033540.0
1033205.4
1033569.5
1033327.0
1033096.2
1033421.7
1033270.9
1034071.0
1034167.6
1034479.2
1034023.8
1034795.5
1034554.9
1035215.8
1035457.5
1036057.6
1036331.6
1036408.5
1036809.6
1037877.0
1037937.0
1038505.7
1038987.9
1039037.0
1039656.1
1039934.7
1040035.9
1041223.1
1040724.3
1041267.3
1041556.6
1041814.5
1042882.9
1042207.8
1043272.8
1043389.7
1043581.9
1043274.3
1043871.4
1043228.1
1043306.7
1043909.6
1043548.4
1043834.6
1042994.2
1043031.5
1043169.1
1043145.4
1042777.6
1042849.9
1042508.1
1041643.6
1041767.0
1041137.4
1040828.3
1040985.2
1040490.2
1039490.1
1039468.7
1039266.0
1038224.1
1037880.5
1037649.4
1037082.5
1037226.6
1036596.5
1036559.4
1035527.6
1035328.3
1035501.3
1034743.4
1034179.0
1034002.2
1034664.2
1034061.6
1033813.1
1033723.2
1033386.6
1034195.2
1033514.7
1033383.0
1034123.4
1033749.5
1034537.5
1033854.9
1034910.3
1034586.3
1035151.2
1035541.1
1035206.4
1036449.3
1035930.5
1036319.6
1036575.6
1037906.8
1038019.9
1038766.3
1038265.7
1039400.2
1039896.0
1039756.5
1040308.5
1041163.6
1041566.9
1041403.8
1042280.4
1041991.0
1042599.0
1042643.8
1043005.8
1043353.2
1043870.7
1043070.7
1043480.7
1043604.2
1044206.2
1043548.0
1043764.9
1043420.9
1043816.2
1043697.8
1042947.7
1042952.7
1043367.6
1042810.4
1042652.0
1042114.3
1041422.0
1041333.4
1040873.9
1040972.1
1040851.7
1040059.4
1039818.0
1039374.7
1038693.7
1038204.4
1038061.1
1037955.6
1037387.4
1036446.2
1036431.1
1035651.6
1036187.5
1035444.8
1034757.8
1035006.1
1034840.3
1034157.3
1034538.5
1034184.1
1034174.4
1033736.9
1034080.2
1033807.1
1033595.2
1034369.3
1033763.8
1034401.7
1034373.4
1034564.5
1035084.9
1035452.4
1035848.8
1035813.2
1036302.8
1036345.0
1036590.0
1036608.8
1037761.5
1037931.9
1038255.7
1038648.6
1039068.1
1039523.7
1039896.0
1040290.7
1041011.3
1041313.5
1041817.4
1041597.7
1042168.5
1042150.5
1042316.9
1043321.1
1043651.5
1043632.0
1043371.8
1043492.9
1043642.4
1043609.7
1043973.2
1043952.6
1044147.4
1043758.6
1044203.9
1044024.6
1043960.4
1043341.3
1043483.4
1043223.8
1042046.3
1042629.0
1041956.3
1041676.1
1041252.9
1040974.3
1040852.3
1040392.2
1039696.5
1039222.0
1038622.9
1038712.2
1037511.6
1037558.5
1037297.2
1036834.2
1036240.5
1036341.9
1036133.5
1035266.1
1035047.1
1035260.6
1034682.8
1034984.0
1034367.4
1033889.4
1033667.7
1033735.5
1033706.2
1034520.9
1034100.2
1034115.6
1034595.4
1034354.7
1034234.4
1035160.2
1035633.7
1035338.6
1035279.3
1035962.3
1036265.6
1036368.4
1037303.8
1037876.8
1037794.8
1038373.1
1038853.7
1038820.9
1039448.5
1039762.6
1040242.5
1040746.8
1040979.9
1041732.7
1041665.9
1042507.6
1042387.6
1042805.6
1042823.6
1043611.9
1043134.1
1043718.6
1044388.4
1044210.3
1043757.4
1043854.0
1044426.4
1044144.1
1043762.1
1043961.9
1044058.0
1043906.1
1043403.4
1043225.2
1043497.1
1042937.1
1042133.2
1042198.2
1042068.4
1041345.6
1040730.3
1040239.8
1039807.7
1039911.3
1039568.5
1038574.8
1038183.2
1037969.1
1037637.1
1037702.2
1036904.4
1036668.4
1036096.7
1035657.1
1035683.2
1035618.5
1034839.7
1034529.1
1035141.2
1034113.6
1034103.8
1034099.1
1034717.0
1034142.2
1034727.7
1034126.3
1034670.5
1034421.1
1034217.2
1034582.6
1035183.8
1034810.9
1035508.7
1035895.3
1036385.4
1036319.2
1036793.5
1037521.1
1037907.0
1038329.1
1038392.5
1039210.8
1039348.1
1039256.2
1040190.2
1040714.5
1040887.8
1040720.6
1041933.1
1041597.9
1042713.3
1043006.8
1043303.6
1043105.4
1043482.2
1043420.5
1043798.3
1044149.0
1043729.2
1044499.3
1044336.0
1044079.6
1044260.3
1044394.3
1043752.0
1043817.8
1043592.4
1044244.8
1043298.2
1043273.1
1042998.0
1043027.9
1042208.3
1041816.5
1041961.3
1041517.7
1040922.7
1040208.6
1039806.4
1040160.0
1039273.6
1039450.7
1038968.7
1038251.5
1037728.4
1037343.6
1036796.3
1036753.9
1036690.6
1035904.1
1036074.5
1035923.6
1035543.5
1034866.8
1034879.7
1034290.1
1034467.5
1034374.7
1033933.3
1034089.6
1034399.7
1034364.7
1034784.6
1034373.0
1034866.7
1035203.4
1035157.7
1035784.4
1035452.9
1036258.1
1036191.8
1036562.7
1037421.0
1037238.2
1038011.6
1038180.2
1039086.8
1039364.3
1039276.2
1040420.4
1040514.7
1040775.8
1041150.9
1041707.7
1042319.6
1042291.4
1042302.9
1042759.5
1043235.4
1043682.3
1043575.2
1043859.9
1044592.6
1044020.3
1044421.5
1044491.9
1044844.8
1044171.5
1044608.4
1044446.8
1043807.9
1043851.8
1044441.3
1043566.4
1043940.9
1043128.3
1043340.2
1042454.0
1042532.3
1042093.0
1041279.4
1041419.1
1040939.1
1040484.6
1040148.9
1039949.1
1038983.0
1039016.9
1038554.7
1037864.5
1038025.1
1037465.2
1037363.2
1036960.0
1035946.1
1036203.6
1035328.9
1035096.2
1035244.0
1034774.8
1035288.3
1034663.1
1035043.3
1034565.5
1034479.9
1035009.3
1034475.5
1034301.5
1034670.0
1034989.1
1035526.6
1035327.1
1035994.8
1035725.8
1035934.7
1036530.2
1037251.5
1037412.1
1037728.2
1038109.8
1037819.1
1039186.3
1038762.2
1039714.5
1040031.4
1040711.2
1040502.1
1041290.2
1041106.0
1041944.7
1042697.7
1043061.4
1042654.3
1042786.9
1043187.0
1043351.3
1044034.2
1044517.3
1044148.4
1044779.5
1044912.5
1044118.2
1044747.3
1044393.4
1044205.2
1044327.4
1044328.3
1043859.4
1043684.8
1044039.8
1043732.3
1043479.7
1042600.9
1042818.1
1042056.6
1042359.4
1041770.4
1041426.3
1040919.5
1040098.0
1040216.6
1039691.3
1039665.7
1039025.9
1038013.0
1037683.7
1037432.6
1037385.1
1037017.1
1036561.8
1035779.3
1035567.8
1035799.6
1035242.2
1034780.5
1034868.8
1035435.4
1034624.4
1034599.3
1034465.1
1034341.5
1034474.1
1034342.8
1035182.4
1034604.6
1035414.4
1035862.0
1035334.6
1035772.6
1035746.7
1036505.8
1036339.8
1037264.2
1037881.1
1038260.7
1038317.5
1038379.9
1038801.3
1039884.7
1039656.1
1040315.7
1041115.6
1041230.1
1041569.3
1041530.3
1042698.3
1042422.4
1043486.0
1043484.5
1043473.2
1043745.8
1044106.9
1044408.3
1044483.8
1044796.0
1044603.8
1044958.2
1045235.5
1044806.4
1045190.3
1045124.6
1044766.6
1044812.4
1044197.8
1044458.7
1044132.9
1043985.6
1043703.5
1043374.4
1042513.0
1042532.8
1042409.2
1041460.7
1041401.1
1041201.7
1040417.0
1040153.9
1039615.6
1039249.6
1038974.4
1037797.5
1037979.0
1037887.5
1037264.5
1036878.5
1036688.0
1035743.7
1035550.9
1036145.8
1035530.1
1035223.6
1034959.3
1034770.7
1035334.6
1034764.1
1035324.3
1034400.1
1034928.4
1035316.2
1034888.8
1035057.2
1035201.5
1035724.0
1036336.6
1036180.0
1036379.7
1036999.2
1037427.9
1037461.9
1037472.2
1038655.8
1038778.7
1038760.5
1039508.4
1040351.7
1040557.9
1040533.8
1041120.4
1041964.4
1041466.6
1042104.5
1042518.5
1043428.6
1043384.8
1044099.8
1043489.3
1044046.2
1044106.9
1044452.2
1044895.2
1045277.3
1044701.5
1045147.7
1045239.9
1044982.8
1045201.6
1044901.2
1044887.5
1044944.7
1044036.1
1044020.3
1043372.4
1043989.8
1042882.9
1042724.8
1042944.7
1041906.5
1041536.1
1041263.6
1040657.3
1041023.7
1040367.4
1039442.0
1039018.4
1039033.2
1038908.3
1038290.4
1037852.4
1037658.8
1036874.0
1036336.9
1036372.2
1036678.3
1036155.4
1035752.6
1035328.3
1035491.7
1034893.1
1035290.5
1035006.6
1035452.0
1034502.9
1035203.9
1035234.6
1034751.5
1035316.9
1035549.5
1035771.4
1035805.0
1036514.6
1036755.7
1036490.3
1036837.9
1037736.4
1038094.7
1037848.8
1039022.4
1038858.2
1039248.3
1040171.9
1040517.2
1040690.2
1041471.6
1041696.1
1041945.3
1041829.1
1042527.9
1043353.6
1043811.9
1043603.2
1044270.7
1044167.5
1044670.8
1044854.1
1045063.9
1044891.3
1044803.7
1044550.1
1045303.6
1045112.1
1044680.0
1044946.7
1044666.4
1044732.6
1044684.6
1044482.3
1044428.0
1043496.6
1043034.7
1043362.1
1043157.9
1042375.8
1041797.8
1041938.0
1041520.6
1040797.4
1040066.2
1040224.7
1039369.1
1038801.0
1039011.4
1038664.0
1038026.9
1038057.5
1037084.6
1037388.2
1036868.5
1036207.9
1036540.5
1035866.4
1035816.7
1035871.3
1035367.8
1035418.2
1035643.5
1035077.6
1035172.7
1035527.5
1035666.4
1035162.3
1034943.7
1035381.7
1036070.1
1036122.1
1036426.7
1036452.4
1037169.0
1036859.4
1037371.6
1038091.1
1038124.6
1038353.9
1039266.4
1039756.2
1040310.7
1040237.3
1040340.0
1041091.7
1041060.3
1041923.3
1041942.8
1042598.2
1042920.0
1043559.3
1043691.3
1043619.4
1043725.2
1044297.0
1044943.5
1044473.3
1044818.8
1045333.7
1045095.3
1045351.6
1045180.2
1044838.4
1045144.3
1044952.1
1044451.9
1044508.9
1044560.2
1044543.1
1043754.3
1043301.4
1043882.2
1043043.9
1043043.8
1042094.9
1042420.0
1041424.2
1041578.0
1040450.0
1039934.9
1039849.8
1039958.9
1039541.1
1038802.3
1038479.6
1038454.3
1037486.8
1037193.6
1037230.6
1036932.8
1036549.4
1036427.1
1035481.1
1035769.7
1035783.7
1035201.4
1034951.5
1035500.9
1035186.8
1034929.2
1035184.1
1035097.8
1035291.9
1035779.4
1036283.9
1036285.4
1035830.3
1036680.4
1037103.0
1037076.8
1037359.4
1037413.9
1037910.0
1038440.3
1039121.4
1038996.5
1039963.4
1039932.0
1040334.2
1040897.1
1041070.9
1042160.9
1042664.4
1043135.6
1043141.7
1043485.5
1043868.5
1043702.6
1044287.1
1044372.5
1045081.5
1045026.5
1044613.1
1045509.6
1045418.2
1045690.0
1044923.9
1045805.4
1045706.8
1045306.0
1045495.8
1045348.9
1044507.4
1044779.2
1043875.6
1044229.8
1043785.6
1043666.7
1042723.1
1042498.2
1041965.9
1042234.4
1041646.2
1040817.1
1040746.2
1039906.3
1039424.0
1039201.7
1038865.9
1039072.5
1037863.4
1037568.5
1037904.2
1037464.4
1036645.6
1036304.0
1036750.3
1035883.7
1036071.6
1035659.2
1036031.2
1035401.0
1035579.6
1035119.5
1035118.9
1035805.8
1035432.7
1035315.2
1035871.1
1035803.6
1035768.2
1035870.4
1036100.8
1036443.6
1037395.6
1037074.0
1038061.1
1038595.2
1038631.0
1038506.1
1039007.9
1039855.0
1040269.2
1040590.7
1041136.4
1041173.1
1042344.1
1042477.0
1042688.7
1043133.9
1043802.8
1043439.9
1043832.9
1044436.1
1044729.4
1044432.5
1044990.4
1045249.2
1045048.0
1045477.8
1045310.7
1045503.0
1045705.1
1045277.0
1045725.1
1045135.3
1045127.0
1044720.7
1044894.7
1044006.4
1043909.7
1043837.3
1044040.0
1043807.2
1043333.3
1042487.4
1041738.9
1041680.1
1041372.9
1040607.2
1040312.2
1040322.1
1039797.7
1039580.2
1039116.8
1038119.5
1038050.5
1037898.6
1037846.3
1037548.8
1036406.8
1037003.1
1036838.2
1036402.9
1035867.5
1036053.8
1035402.8
1035750.7
1035225.5
1035483.5
1035987.3
1035293.9
1035631.9
